3110451
4518686
4527065
4541734
4541936
4675132
4742829
4945667
4947610
4954107
5006806
5023522
5090028
5112483
5143591
5143728
5152602
5160003
5176399
5176449
5183823
5184662
5187024
5194143
5231713
5255157
5264256
5273267
5290604
5314784
5319850
5319900
5326448
5330271
5333265
5333822
5339686
5342047
5345703
5348279
5348584
5349194
5349473
5349877
5350297
5351147
5351919
5352467
5352594
5352733
5357266
5360577
5362278
5363597
5366455
5366493
5366556
5370251
5370515
5371048
5371240
5371657
5371834
5372418
5378070
5393537
5414622
5431820
5433077
5438104
5443650
5450960
5451568
5455264
5456126
5461191
5464399
5464918
5466774
5470909
5471356
5473210
5476890
5477738
5486612
5487739
5495054
5498682
5505995
5506264
5521101
5522267
5535428
5540758
5552738
5552827
5558578
5558958
5559594
5560368
5560495
5560901
5561028
5561598
5561790
5561978
5562057
5562347
5562362
5563123
5563135
5563301
5563578
5563681
5563996
5564125
5564327
5564556
5564707
5565217
5566601
5568237
5568718
5571308
5574468
5578962
5581145
5581297
5581309
5581638
5582642
5582972
5583760
5584091
5585664
5585928
5586021
5586058
5586286
5586464
5586932
5587023
5587074
5587290
5587492
5587567
5587961
5589813
5591995
5592908
5592961
5606443
5607433
5610617
5617333
5618133
5620505
5624097
5625633
5626559
5627195
5631852
5635863
5639657
5650318
5651928
5660384
5673405
5673710
8909374
